state={
	id=1696
	name="STATE_1696"
	provinces={
		2059 2073 2128 3489 3738 4339 4344 5103 5746 5752 6113 6475 6533 6661 7001 7717 7824 7832 8336 9187 9208 9335 9575 9754 11713 11752 12067 12259 12593 12652 13515 13648 13994 14003 14026 14046 14047 14054 14056 14062 14067 14077 14087 14095 14116 14135 14142 14169 14174 14176 14180 14189 14196 14204 14217 
	}
	history={
		buildings = {
			infrastructure = 5
		}

		owner = BLR
		add_core_of = BLR
	}
	manpower=181135
	buildings_max_level_factor=1.000
	state_category=town
}
