
state={
	id=1786
	name="STATE_1786"
	provinces={
		84 698 819 1126 1873 2223 2235 2538 3269 3324 3331 4048 4329 4356 4609 5340 5616 5693 6254 6286 6543 6597 7060 7153 7560 7932 8629 8897 8925 9214 9368 10337 11149 11242 11277 11303 11345 11390 11995 12138 12702 13404 18476 18567 18574 18583 18584 18604 18612 18631 18640 18673 18680 18696 18707 18740 18777 18793 18798 18806 18826 18859 
	}
	history={
		buildings = {
			infrastructure = 8
			industrial_complex = 2
			arms_factory = 1
		}

		owner = HUN
		add_core_of = HUN
	}
	manpower=920418
	buildings_max_level_factor=1.000
	state_category=large_city
}
