
state={
	id=1891
	name="STATE_1891"
	provinces={
		171 226 268 375 925 1331 1627 1685 2034 2567 2762 2780 3281 3451 3477 3493 3719 3998 4466 4863 5301 5531 5576 5577 5698 5777 5844 5972 6015 6425 6547 6961 6980 7064 7416 7650 7949 8140 8668 10509 10626 11678 13171 13490 13548 13711 13754 13760 13762 13767 13771 13782 13785 13796 13797 13804 13810 13817 20163 20279 20379 20387 20388 
	}
    history={
		buildings = {
			infrastructure = 8
			industrial_complex = 2
			arms_factory = 1
		}

		owner = SWE
		add_core_of = SWE
	}
	manpower=777400
	buildings_max_level_factor=1.000
	state_category=large_city
}
