state={
	id=1964
	name="STATE_1964"
	provinces={
		78 215 219 576 678 725 790 901 902 986 1106 1213 1241 1292 1842 1861 2354 3106 3116 3349 4054 4143 4402 4434 4631 4914 6623 6769 6913 7500 7510 7678 7744 8033 8249 8259 8437 8977 10729 11543 11570 11747 11879 19207 19214 19252 19256 19264 19282 19307 19367 19412 19427 19475 20192 20202 20230 21083 21084 21085 21086 21087 21088 21089 21090 21091 21092 21106 21107 21108 
	}
	history={
		buildings = {
			infrastructure = 7
			industrial_complex = 1
		}

		owner = SER
		add_core_of = SER
	}
	manpower=585579
	buildings_max_level_factor=1.000
	state_category=city
}
