
state={
	id=1965
	name="STATE_1965"
	provinces={
		23 34 194 493 574 634 783 784 1024 1115 1141 1263 1307 1368 1378 1430 1457 1463 1593 1602 1676 1742 1773 1844 2013 2046 2183 2234 2260 2344 2395 2513 2691 2732 2847 2989 2997 3003 3148 3482 3669 3909 3971 4192 4310 4377 4641 4676 4690 5056 5123 5185 5670 5809 6061 6151 6195 6327 6891 6933 6969 7019 7135 7444 7686 7876 8153 8171 8253 8539 8553 8955 9333 9443 9518 9599 9723 9958 10062 10223 10297 10448 10733 11127 11141 11252 11485 11557 11700 11712 11742 12196 12242 12319 12521 12590 12706 12837 13401 13513 13547 16079 16147 16234 16276 16338 16354 16401 16416 16554 16583 16611 16642 16650 16682 16733 16834 16889 16914 17086 17176 17252 17303 17426 17473 17495 20512 20514 20517 20519 20520 
	}
	history={
		buildings = {
			infrastructure = 5
		}

		owner = UKR
		add_core_of = UKR
	}
	manpower=1192140
	buildings_max_level_factor=1.000
	state_category=town
}
