state={
	id=1967
	name="STATE_1967"
	provinces={
		5 25 255 282 407 462 646 1002 1014 1043 1064 1071 1174 1262 1535 1941 1979 2004 2198 2208 2242 2308 2543 2985 3068 3307 3577 3903 4013 4059 4115 4718 4724 4808 5196 5263 5410 5510 5573 5659 5729 5934 6447 6583 7040 7192 7251 7715 7852 8479 8524 8914 8964 9536 9800 9980 10594 10835 11008 11279 11551 11966 12522 13376 15310 15520 15522 15523 15630 15671 15700 15788 15937 15999 16121 16144 16277 16332 16349 16427 20496 
	}
	history={
		buildings = {
			infrastructure = 5
		}

		owner = UKR
		add_core_of = SOV
	}
	manpower=1186960
	buildings_max_level_factor=1.000
	state_category=town
}
