
state={
	id=1968
	name="STATE_1968"
	provinces={
		86 356 478 654 744 898 975 997 1089 1555 1628 1983 2079 2119 2300 2423 2657 2675 2683 3347 3560 3947 4290 4327 4454 4510 4638 4775 4998 5202 5586 5660 5695 6504 6635 7930 8762 8873 9846 9886 11236 11657 11956 12130 12631 12951 12960 13134 13724 13725 13735 13741 13745 13758 13780 13792 13793 13809 20267 20380 20381 20384 20385 20389 20390 
	}
	history={
		buildings = {
			infrastructure = 5
		}

		owner = BLR
		add_core_of = BLR
	}
	manpower=860430
	buildings_max_level_factor=1.000
	state_category=town
}
