state={
	id=1972
	name="STATE_1972"
	provinces={
		93 155 324 408 556 558 591 673 676 786 828 953 1015 1168 1256 1285 1343 1411 1465 1538 1611 1625 1725 1984 2091 2123 2163 2170 2204 2264 2287 2550 2560 2648 2649 2760 2901 2903 3004 3070 3101 3137 3229 3279 3437 3561 3639 3673 3753 3889 4033 4105 4112 4193 4542 4646 4955 4987 5071 5204 5282 5327 5613 5719 5755 5804 5845 5891 5910 6047 6091 6103 6290 6385 6397 6569 6577 6843 6932 7002 7126 7313 7395 7409 7863 8145 8164 8265 8350 8496 8501 8826 8829 9067 9075 9180 9731 10138 10329 10475 11052 11225 11370 11474 11589 11908 12048 12219 12267 12357 12437 12507 12540 12616 12798 12810 12825 13067 13466 13570 13657 13824 13842 13846 13856 13868 13871 13897 13916 13940 13942 14000 14036 14090 14143 14285 14289 14341 14489 14557 20184 20258 20272 20286 20402 20444 20896 20897 
	}
	history={
		buildings = {
			infrastructure = 7
			industrial_complex = 1
		}
		victory_points = { 7126 35 }
		owner = BLR
		add_core_of = BLR
	}
	manpower=1405530
	buildings_max_level_factor=1.000
	state_category=city
}
